mgc_rve_context_lcv "invpad" "invpad1" "layout" 1000
mgc_rve_highlight_index 0 "3" "#00000000FFFF"
mgc_rve_layer "TOP_M1"
mr 313.935 -23.565 374.935 64.435
mp 19 127.345 195.375 190.875 131.845 652.995 131.845 716.525 195.375 716.525 562.495 652.995 626.025 651.835 626.025 651.835 618.825 709.325 561.335 709.325 196.535 651.835 139.045 192.035 139.045 134.545 196.535 134.545 561.335 192.035 618.825 651.835 618.825 651.835 626.025 190.875 626.025 127.345 562.495
mp 19 63.995 190.615 186.115 68.495 657.755 68.495 779.875 190.615 779.875 567.255 657.755 689.375 655.005 689.375 655.005 658.185 748.685 564.505 748.685 193.365 655.005 99.685 188.865 99.685 95.185 193.365 95.185 564.505 188.865 658.185 655.005 658.185 655.005 689.375 186.115 689.375 63.995 567.255
mgc_rve_layer "MT11_PAD"
mr 315.935 -21.565 372.935 35.435
mgc_rve_layer "MT11"
mr 67.605 358.115 97.435 361.855
mr 67.605 367.555 97.435 371.295
mr 67.605 376.995 97.435 380.735
mr 67.605 386.435 97.435 390.175
mr 67.605 395.875 97.435 399.615
mp 18 62.955 348.115 100.265 348.115 100.265 409.755 99.465 409.755 99.465 349.345 97.435 349.345 97.435 352.415 67.605 352.415 67.605 349.345 63.755 349.345 63.755 408.525 67.605 408.525 67.605 405.315 97.435 405.315 97.435 408.525 99.465 408.525 99.465 409.755 62.955 409.755
mp 34 110.385 386.87 127.695 386.87 127.695 408.67 123.195 408.67 123.195 405.27 115.195 405.27 115.195 404.27 123.195 404.27 123.195 402.47 115.195 402.47 115.195 401.47 123.195 401.47 123.195 399.67 115.195 399.67 115.195 398.67 123.195 398.67 123.195 396.87 115.195 396.87 115.195 395.87 123.195 395.87 123.195 394.07 115.195 394.07 115.195 393.07 123.195 393.07 123.195 391.27 115.195 391.27 115.195 390.27 123.195 390.27 123.195 388.47 111.985 388.47 111.985 407.07 123.195 407.07 123.195 408.67 110.385 408.67
mp 28 115.205 363.87 125.695 363.87 125.695 381.67 115.205 381.67 115.205 380.67 123.205 380.67 123.205 378.87 115.205 378.87 115.205 377.87 123.205 377.87 123.205 376.07 115.205 376.07 115.205 375.07 123.205 375.07 123.205 373.27 115.205 373.27 115.205 372.27 123.205 372.27 123.205 370.47 115.205 370.47 115.205 369.47 123.205 369.47 123.205 367.67 115.205 367.67 115.205 366.67 123.205 366.67 123.205 364.87 115.205 364.87
mr 122.285 352.92 123.005 355.02
mr 313.935 -23.565 374.935 37.435
mr 315.195 538.915 317.295 539.885
mr 323.675 655.935 327.415 685.765
mr 323.695 72.105 327.435 101.935
mr 324.445 180.775 364.275 184.215
mr 324.445 188.035 364.275 191.475
mr 324.445 195.295 364.275 198.735
mr 324.445 202.555 364.275 205.995
mr 324.445 209.815 364.275 213.255
mr 324.445 217.075 364.275 220.515
mr 324.595 537.355 364.425 540.795
mr 324.595 544.615 364.425 548.055
mr 324.595 551.875 364.425 555.315
mr 324.595 559.135 364.425 562.575
mr 324.595 566.395 364.425 569.835
mr 324.595 573.655 364.425 577.095
mr 333.115 655.935 336.855 685.765
mr 333.135 72.105 336.875 101.935
mp 42 316.065 625.555 343.465 625.555 343.465 642.865 341.865 642.865 341.865 630.055 340.065 630.055 340.065 638.055 339.065 638.055 339.065 630.055 337.265 630.055 337.265 638.055 336.265 638.055 336.265 630.055 334.465 630.055 334.465 638.055 333.465 638.055 333.465 630.055 331.665 630.055 331.665 638.055 330.665 638.055 330.665 630.055 328.865 630.055 328.865 638.055 327.865 638.055 327.865 630.055 326.065 630.055 326.065 637.975 325.065 637.975 325.065 630.055 323.265 630.055 323.265 638.055 322.265 638.055 322.265 630.055 320.465 630.055 320.465 638.055 319.465 638.055 319.465 630.055 317.665 630.055 317.665 641.265 341.865 641.265 341.865 642.865 316.065 642.865
mp 36 318.065 119.825 319.065 119.825 319.065 127.825 320.865 127.825 320.865 119.825 321.865 119.825 321.865 127.825 323.665 127.825 323.665 119.745 324.665 119.745 324.665 127.745 326.465 127.745 326.465 119.745 327.465 119.745 327.465 127.745 329.265 127.745 329.265 119.825 330.265 119.825 330.265 127.825 332.065 127.825 332.065 119.825 333.065 119.825 333.065 127.825 334.865 127.825 334.865 119.825 335.865 119.825 335.865 127.825 337.665 127.825 337.665 119.825 338.665 119.825 338.665 127.825 340.465 127.825 340.465 119.825 341.465 119.825 341.465 130.315 318.065 130.315
mr 342.555 655.935 346.295 685.765
mr 342.575 72.105 346.315 101.935
mr 351.995 655.935 355.735 685.765
mr 352.015 72.105 355.755 101.935
mr 361.435 655.935 365.175 685.765
mr 361.455 72.105 365.195 101.935
mp 42 345.405 115.005 372.805 115.005 372.805 132.315 371.205 132.315 371.205 116.605 347.005 116.605 347.005 127.815 348.805 127.815 348.805 119.815 349.805 119.815 349.805 127.815 351.605 127.815 351.605 119.815 352.605 119.815 352.605 127.815 354.405 127.815 354.405 119.815 355.405 119.815 355.405 127.815 357.205 127.815 357.205 119.815 358.205 119.815 358.205 127.815 360.005 127.815 360.005 119.815 361.005 119.815 361.005 127.815 362.805 127.815 362.805 119.895 363.805 119.895 363.805 127.815 365.605 127.815 365.605 119.815 366.605 119.815 366.605 127.815 368.405 127.815 368.405 119.815 369.405 119.815 369.405 127.815 371.205 127.815 371.205 132.315 345.405 132.315
mp 36 347.405 627.555 370.805 627.555 370.805 638.045 369.805 638.045 369.805 630.045 368.005 630.045 368.005 638.045 367.005 638.045 367.005 630.045 365.205 630.045 365.205 638.125 364.205 638.125 364.205 630.125 362.405 630.125 362.405 638.125 361.405 638.125 361.405 630.125 359.605 630.125 359.605 638.045 358.605 638.045 358.605 630.045 356.805 630.045 356.805 638.045 355.805 638.045 355.805 630.045 354.005 630.045 354.005 638.045 353.005 638.045 353.005 630.045 351.205 630.045 351.205 638.045 350.205 638.045 350.205 630.045 348.405 630.045 348.405 638.045 347.405 638.045
mp 18 313.615 653.105 375.255 653.105 375.255 690.415 374.025 690.415 374.025 685.765 370.875 685.765 370.875 655.935 374.025 655.935 374.025 653.905 314.845 653.905 314.845 655.935 317.975 655.935 317.975 685.765 314.845 685.765 314.845 689.615 374.025 689.615 374.025 690.415 313.615 690.415
mp 18 313.615 67.455 375.255 67.455 375.255 104.765 374.025 104.765 374.025 101.935 370.895 101.935 370.895 72.105 374.025 72.105 374.025 68.255 314.845 68.255 314.845 72.105 317.995 72.105 317.995 101.935 314.845 101.935 314.845 103.965 374.025 103.965 374.025 104.765 313.615 104.765
mr 372.065 217.865 374.165 218.835
mr 478.675 655.935 482.415 685.765
mr 488.115 655.935 491.855 685.765
mp 42 471.065 625.555 498.465 625.555 498.465 642.865 496.865 642.865 496.865 630.055 495.065 630.055 495.065 638.055 494.065 638.055 494.065 630.055 492.265 630.055 492.265 638.055 491.265 638.055 491.265 630.055 489.465 630.055 489.465 638.055 488.465 638.055 488.465 630.055 486.665 630.055 486.665 638.055 485.665 638.055 485.665 630.055 483.865 630.055 483.865 638.055 482.865 638.055 482.865 630.055 481.065 630.055 481.065 637.975 480.065 637.975 480.065 630.055 478.265 630.055 478.265 638.055 477.265 638.055 477.265 630.055 475.465 630.055 475.465 638.055 474.465 638.055 474.465 630.055 472.665 630.055 472.665 641.265 496.865 641.265 496.865 642.865 471.065 642.865
mp 36 473.065 119.825 474.065 119.825 474.065 127.825 475.865 127.825 475.865 119.825 476.865 119.825 476.865 127.825 478.665 127.825 478.665 119.745 479.665 119.745 479.665 127.745 481.465 127.745 481.465 119.745 482.465 119.745 482.465 127.745 484.265 127.745 484.265 119.825 485.265 119.825 485.265 127.825 487.065 127.825 487.065 119.825 488.065 119.825 488.065 127.825 489.865 127.825 489.865 119.825 490.865 119.825 490.865 127.825 492.665 127.825 492.665 119.825 493.665 119.825 493.665 127.825 495.465 127.825 495.465 119.825 496.465 119.825 496.465 130.315 473.065 130.315
mr 497.555 655.935 501.295 685.765
mr 506.995 655.935 510.735 685.765
mr 516.435 655.935 520.175 685.765
mp 42 500.405 115.005 527.805 115.005 527.805 132.315 526.205 132.315 526.205 116.605 502.005 116.605 502.005 127.815 503.805 127.815 503.805 119.815 504.805 119.815 504.805 127.815 506.605 127.815 506.605 119.815 507.605 119.815 507.605 127.815 509.405 127.815 509.405 119.815 510.405 119.815 510.405 127.815 512.205 127.815 512.205 119.815 513.205 119.815 513.205 127.815 515.005 127.815 515.005 119.815 516.005 119.815 516.005 127.815 517.805 127.815 517.805 119.895 518.805 119.895 518.805 127.815 520.605 127.815 520.605 119.815 521.605 119.815 521.605 127.815 523.405 127.815 523.405 119.815 524.405 119.815 524.405 127.815 526.205 127.815 526.205 132.315 500.405 132.315
mp 36 502.405 627.555 525.805 627.555 525.805 638.045 524.805 638.045 524.805 630.045 523.005 630.045 523.005 638.045 522.005 638.045 522.005 630.045 520.205 630.045 520.205 638.125 519.205 638.125 519.205 630.125 517.405 630.125 517.405 638.125 516.405 638.125 516.405 630.125 514.605 630.125 514.605 638.045 513.605 638.045 513.605 630.045 511.805 630.045 511.805 638.045 510.805 638.045 510.805 630.045 509.005 630.045 509.005 638.045 508.005 638.045 508.005 630.045 506.205 630.045 506.205 638.045 505.205 638.045 505.205 630.045 503.405 630.045 503.405 638.045 502.405 638.045
mp 18 468.615 653.105 530.255 653.105 530.255 690.415 529.025 690.415 529.025 685.765 525.875 685.765 525.875 655.935 529.025 655.935 529.025 653.905 469.845 653.905 469.845 655.935 472.975 655.935 472.975 685.765 469.845 685.765 469.845 689.615 529.025 689.615 529.025 690.415 468.615 690.415
mp 28 718.175 376.2 728.665 376.2 728.665 377.2 720.665 377.2 720.665 379 728.665 379 728.665 380 720.665 380 720.665 381.8 728.665 381.8 728.665 382.8 720.665 382.8 720.665 384.6 728.665 384.6 728.665 385.6 720.665 385.6 720.665 387.4 728.665 387.4 728.665 388.4 720.665 388.4 720.665 390.2 728.665 390.2 728.665 391.2 720.665 391.2 720.665 393 728.665 393 728.665 394 718.175 394
mp 34 716.175 349.2 733.485 349.2 733.485 371 731.885 371 731.885 350.8 720.675 350.8 720.675 352.6 728.675 352.6 728.675 353.6 720.675 353.6 720.675 355.4 728.675 355.4 728.675 356.4 720.675 356.4 720.675 358.2 728.675 358.2 728.675 359.2 720.675 359.2 720.675 361 728.675 361 728.675 362 720.675 362 720.675 363.8 728.675 363.8 728.675 364.8 720.675 364.8 720.675 366.6 728.675 366.6 728.675 367.6 720.675 367.6 720.675 369.4 731.885 369.4 731.885 371 716.175 371
mr 720.865 402.85 721.585 404.95
mr 746.435 358.255 776.265 361.995
mr 746.435 367.695 776.265 371.435
mr 746.435 377.135 776.265 380.875
mr 746.435 386.575 776.265 390.315
mr 746.435 396.015 776.265 399.755
mp 18 743.605 348.115 780.915 348.115 780.915 409.755 780.115 409.755 780.115 349.345 776.265 349.345 776.265 352.555 746.435 352.555 746.435 349.345 744.405 349.345 744.405 408.525 746.435 408.525 746.435 405.455 776.265 405.455 776.265 408.525 780.115 408.525 780.115 409.755 743.605 409.755
mgc_rve_layer "MT21_PAD"
mr 315.935 -21.565 372.935 35.435
mgc_rve_layer "MT21"
mp 6 64.445 348.115 97.005 348.115 97.005 352.415 67.985 352.415 67.985 349.135 64.445 349.135
mr 67.985 358.115 97.005 361.855
mr 67.985 367.555 97.005 371.295
mr 67.985 376.995 97.005 380.735
mr 67.985 386.435 97.005 390.175
mr 67.985 395.875 97.005 399.615
mp 6 64.445 408.735 67.985 408.735 67.985 405.315 97.005 405.315 97.005 409.755 64.445 409.755
mp 8 313.815 653.105 314.465 653.105 314.465 655.765 317.975 655.765 317.975 687.375 314.465 687.375 314.465 689.365 313.815 689.365
mr 323.675 655.765 327.415 687.375
mp 18 314.995 538.865 318.925 538.865 318.925 573.565 324.795 573.565 324.795 534.715 326.875 534.715 326.875 579.735 324.795 579.735 324.795 576.695 322.715 576.695 322.715 585.185 320.615 585.185 320.615 576.695 318.925 576.695 318.925 581.535 317.915 581.535 317.915 539.985 314.995 539.985
mr 333.115 655.765 336.855 687.375
mr 342.555 655.765 346.295 687.375
mr 351.995 655.765 355.735 687.375
mr 361.435 655.765 365.175 687.375
mp 10 361.985 534.715 364.105 534.715 364.105 573.565 369.665 573.565 369.665 585.185 367.565 585.185 367.565 576.695 364.105 576.695 364.105 579.735 361.985 579.735
mp 14 327.485 173.245 361.315 173.245 361.315 223.805 372.05 223.805 372.05 217.865 374.12 217.865 374.12 218.985 373.17 218.985 373.17 224.925 360.195 224.925 360.195 223.155 327.495 223.155 327.495 179.165 327.485 179.165
mp 8 370.875 655.765 374.545 655.765 374.545 653.105 375.255 653.105 375.255 689.375 374.545 689.375 374.545 687.375 370.875 687.375
mp 78 313.615 66.665 313.935 66.665 313.935 -23.565 374.935 -23.565 374.935 66.665 375.055 66.665 375.055 104.765 374.395 104.765 374.395 112.125 368.745 112.125 368.745 107.255 370.895 105.105 370.895 67.715 369.845 66.665 366.245 66.665 365.195 67.715 365.195 105.105 367.345 107.255 368.745 107.255 368.745 112.125 359.305 112.125 359.305 107.255 361.455 105.105 361.455 67.715 360.405 66.665 356.805 66.665 355.755 67.715 355.755 105.105 357.905 107.255 359.305 107.255 359.305 112.125 349.865 112.125 349.865 107.255 352.015 105.105 352.015 67.715 350.965 66.665 347.365 66.665 346.315 67.715 346.315 105.105 348.465 107.255 349.865 107.255 349.865 112.125 340.425 112.125 340.425 107.255 342.575 105.105 342.575 67.715 341.525 66.665 337.925 66.665 336.875 67.715 336.875 105.105 339.025 107.255 340.425 107.255 340.425 112.125 330.985 112.125 330.985 107.255 333.135 105.105 333.135 67.715 332.085 66.665 328.485 66.665 327.435 67.715 327.435 105.105 329.585 107.255 330.985 107.255 330.985 112.125 321.545 112.125 321.545 107.255 323.695 105.105 323.695 67.715 322.645 66.665 319.045 66.665 317.995 67.715 317.995 105.105 320.145 107.255 321.545 107.255 321.545 112.125 314.495 112.125 314.495 104.765 313.615 104.765
mp 6 468.855 655.765 472.975 655.765 472.975 687.375 469.475 687.375 469.475 687.295 468.855 687.295
mr 478.675 655.765 482.415 687.375
mr 488.115 655.765 491.855 687.375
mr 497.555 655.765 501.295 687.375
mr 506.995 655.765 510.735 687.375
mr 516.435 655.765 520.175 687.375
mr 525.875 655.765 530.395 687.375
mp 19 118.975 192.665 188.165 123.475 655.705 123.475 724.895 192.665 724.895 565.205 655.705 634.395 651.805 634.395 651.805 626.915 717.415 561.305 717.415 196.565 651.805 130.955 192.065 130.955 126.455 196.565 126.455 561.305 192.065 626.915 651.805 626.915 651.805 634.395 188.165 634.395 118.975 565.205
mr 746.865 358.255 775.885 361.995
mr 746.865 367.695 775.885 371.435
mr 746.865 377.135 775.885 380.875
mr 746.865 386.575 775.885 390.315
mr 746.865 396.015 775.885 399.755
mp 6 746.865 348.115 779.425 348.115 779.425 349.135 775.885 349.135 775.885 352.555 746.865 352.555
mp 6 746.865 405.455 775.885 405.455 775.885 408.735 779.425 408.735 779.425 409.755 746.865 409.755
mgc_rve_layer "MT31_PAD"
mr 315.935 -21.565 372.935 35.435
mgc_rve_layer "MT31"
mp 8 121.875 162.395 157.895 126.375 312.735 126.375 312.735 139.045 166.205 139.045 134.545 170.705 134.545 347.235 121.875 347.235
mp 8 121.875 410.635 134.545 410.635 134.545 587.165 166.205 618.825 312.735 618.825 312.735 631.495 157.895 631.495 121.875 595.475
mr 313.935 -23.565 374.935 65.135
mp 10 317.915 580.375 322.715 580.375 322.715 620.665 324.14 620.665 324.14 634.425 322.24 634.425 322.24 622.58 320.815 622.58 320.815 581.705 317.915 581.705
mp 8 323.505 108.065 365.335 108.065 365.335 112.125 361.335 112.125 361.335 177.235 327.505 177.235 327.505 112.125 323.505 112.125
mr 367.575 580.87 369.675 634.295
mr 376.135 126.375 467.735 139.045
mr 376.135 618.825 467.735 631.495
mp 8 531.135 126.375 685.975 126.375 721.995 162.395 721.995 347.235 709.325 347.235 709.325 170.705 677.665 139.045 531.135 139.045
mp 8 531.135 618.825 677.665 618.825 709.325 587.165 709.325 410.635 721.995 410.635 721.995 595.475 685.975 631.495 531.135 631.495
mp 56 63.995 133.405 128.905 68.495 714.965 68.495 779.875 133.405 779.875 624.465 714.965 689.375 374.465 689.375 374.465 626.965 375.535 626.965 375.535 658.185 467.285 658.185 467.285 652.875 468.34 652.875 468.34 627.315 470.43 627.315 470.43 654.365 468.645 654.365 468.645 655.455 529.465 655.455 529.465 626.965 530.535 626.965 530.535 658.185 700.575 658.185 748.685 610.075 748.685 349.265 717.415 349.265 717.415 348.245 748.685 348.245 748.685 147.795 700.575 99.685 531.135 99.685 531.135 94.285 469.405 94.285 469.405 130.905 468.335 130.905 468.335 99.685 376.135 99.685 376.135 94.285 314.405 94.285 314.405 130.905 313.335 130.905 313.335 99.685 143.295 99.685 95.185 147.795 95.185 408.605 126.455 408.605 126.455 409.625 95.185 409.625 95.185 610.075 143.295 658.185 312.735 658.185 312.735 658.585 374.465 658.585 374.465 689.375 128.905 689.375 63.995 624.465
mgc_rve_layer "MT41_PAD"
mr 315.935 -21.565 372.935 35.435
mgc_rve_layer "MT41"
mr 313.935 -23.565 374.935 65.435
mp 19 127.345 195.375 190.875 131.845 652.995 131.845 716.525 195.375 716.525 562.495 652.995 626.025 651.835 626.025 651.835 618.825 709.325 561.335 709.325 196.535 651.835 139.045 192.035 139.045 134.545 196.535 134.545 561.335 192.035 618.825 651.835 618.825 651.835 626.025 190.875 626.025 127.345 562.495
mp 19 63.995 169.675 165.175 68.495 678.695 68.495 779.875 169.675 779.875 588.195 678.695 689.375 672.965 689.375 672.965 658.185 748.685 582.465 748.685 175.405 672.965 99.685 170.905 99.685 95.185 175.405 95.185 582.465 170.905 658.185 672.965 658.185 672.965 689.375 165.175 689.375 63.995 588.195
mgc_rve_layer "MT51_PAD"
mr 315.935 -21.565 372.935 35.435
mgc_rve_layer "MT51"
mp 12 63.995 190.615 186.115 68.495 314.035 68.495 314.035 99.685 188.865 99.685 95.185 193.365 95.185 564.505 188.865 658.185 314.035 658.185 314.035 689.375 186.115 689.375 63.995 567.255
mp 12 127.345 195.375 190.875 131.845 314.035 131.845 314.035 139.045 192.035 139.045 134.545 196.535 134.545 561.335 192.035 618.825 314.035 618.825 314.035 626.025 190.875 626.025 127.345 562.495
mp 8 313.935 -23.565 374.935 -23.565 374.935 65.135 361.435 65.135 361.435 223.255 327.435 223.255 327.435 65.135 313.935 65.135
mr 374.835 68.495 469.035 99.685
mr 374.835 131.845 469.035 139.045
mr 374.835 618.825 469.035 626.025
mr 374.835 658.185 469.035 689.375
mp 12 529.835 131.845 652.995 131.845 716.525 195.375 716.525 562.495 652.995 626.025 529.835 626.025 529.835 618.825 651.835 618.825 709.325 561.335 709.325 196.535 651.835 139.045 529.835 139.045
mp 12 529.835 68.495 657.755 68.495 779.875 190.615 779.875 567.255 657.755 689.375 529.835 689.375 529.835 658.185 655.005 658.185 748.685 564.505 748.685 193.365 655.005 99.685 529.835 99.685
mgc_rve_layer "TOP_M1_PAD"
mr 315.935 -21.565 372.935 35.435
mgc_rve_layer "NTAP"
mp 10 110.385 386.87 127.695 386.87 127.695 408.67 126.095 408.67 126.095 388.47 111.985 388.47 111.985 407.07 126.095 407.07 126.095 408.67 110.385 408.67
mr 112.385 390.27 125.695 391.27
mr 112.385 393.07 125.695 394.07
mr 112.385 395.87 125.695 396.87
mr 112.385 398.67 125.695 399.67
mr 112.385 401.47 125.695 402.47
mr 112.385 404.27 125.695 405.27
mr 122.285 352.92 123.005 355.02
mr 315.195 538.915 317.295 539.885
mp 10 316.065 625.555 343.465 625.555 343.465 642.865 341.865 642.865 341.865 627.155 317.665 627.155 317.665 641.265 341.865 641.265 341.865 642.865 316.065 642.865
mr 319.465 627.555 320.465 640.865
mr 322.265 627.555 323.265 640.865
mr 325.065 627.555 326.065 640.865
mr 327.865 627.555 328.865 640.865
mr 330.665 627.555 331.665 640.865
mr 333.465 627.555 334.465 640.865
mr 336.265 627.555 337.265 640.865
mr 339.065 627.555 340.065 640.865
mp 10 345.405 115.005 372.805 115.005 372.805 132.315 371.205 132.315 371.205 116.605 347.005 116.605 347.005 130.715 371.205 130.715 371.205 132.315 345.405 132.315
mr 348.805 117.005 349.805 130.315
mr 351.605 117.005 352.605 130.315
mr 354.405 117.005 355.405 130.315
mr 357.205 117.005 358.205 130.315
mr 360.005 117.005 361.005 130.315
mr 362.805 117.005 363.805 130.315
mr 365.605 117.005 366.605 130.315
mr 368.405 117.005 369.405 130.315
mr 372.065 217.865 374.165 218.835
mp 10 471.065 625.555 498.465 625.555 498.465 642.865 496.865 642.865 496.865 627.155 472.665 627.155 472.665 641.265 496.865 641.265 496.865 642.865 471.065 642.865
mr 474.465 627.555 475.465 640.865
mr 477.265 627.555 478.265 640.865
mr 480.065 627.555 481.065 640.865
mr 482.865 627.555 483.865 640.865
mr 485.665 627.555 486.665 640.865
mr 488.465 627.555 489.465 640.865
mr 491.265 627.555 492.265 640.865
mr 494.065 627.555 495.065 640.865
mp 10 500.405 115.005 527.805 115.005 527.805 132.315 526.205 132.315 526.205 116.605 502.005 116.605 502.005 130.715 526.205 130.715 526.205 132.315 500.405 132.315
mr 503.805 117.005 504.805 130.315
mr 506.605 117.005 507.605 130.315
mr 509.405 117.005 510.405 130.315
mr 512.205 117.005 513.205 130.315
mr 515.005 117.005 516.005 130.315
mr 517.805 117.005 518.805 130.315
mr 520.605 117.005 521.605 130.315
mr 523.405 117.005 524.405 130.315
mp 10 716.175 349.2 733.485 349.2 733.485 371 731.885 371 731.885 350.8 717.775 350.8 717.775 369.4 731.885 369.4 731.885 371 716.175 371
mr 718.175 352.6 731.485 353.6
mr 718.175 355.4 731.485 356.4
mr 718.175 358.2 731.485 359.2
mr 718.175 361 731.485 362
mr 718.175 363.8 731.485 364.8
mr 718.175 366.6 731.485 367.6
mr 720.865 402.85 721.585 404.95
mgc_rve_layer "NTAP_pin"
mp 10 110.385 386.87 127.695 386.87 127.695 408.67 126.095 408.67 126.095 388.47 111.985 388.47 111.985 407.07 126.095 407.07 126.095 408.67 110.385 408.67
mr 112.385 390.27 125.695 391.27
mr 112.385 393.07 125.695 394.07
mr 112.385 395.87 125.695 396.87
mr 112.385 398.67 125.695 399.67
mr 112.385 401.47 125.695 402.47
mr 112.385 404.27 125.695 405.27
mr 122.285 352.92 123.005 355.02
mr 315.195 538.915 317.295 539.885
mp 10 316.065 625.555 343.465 625.555 343.465 642.865 341.865 642.865 341.865 627.155 317.665 627.155 317.665 641.265 341.865 641.265 341.865 642.865 316.065 642.865
mr 319.465 627.555 320.465 640.865
mr 322.265 627.555 323.265 640.865
mr 325.065 627.555 326.065 640.865
mr 327.865 627.555 328.865 640.865
mr 330.665 627.555 331.665 640.865
mr 333.465 627.555 334.465 640.865
mr 336.265 627.555 337.265 640.865
mr 339.065 627.555 340.065 640.865
mp 10 345.405 115.005 372.805 115.005 372.805 132.315 371.205 132.315 371.205 116.605 347.005 116.605 347.005 130.715 371.205 130.715 371.205 132.315 345.405 132.315
mr 348.805 117.005 349.805 130.315
mr 351.605 117.005 352.605 130.315
mr 354.405 117.005 355.405 130.315
mr 357.205 117.005 358.205 130.315
mr 360.005 117.005 361.005 130.315
mr 362.805 117.005 363.805 130.315
mr 365.605 117.005 366.605 130.315
mr 368.405 117.005 369.405 130.315
mr 372.065 217.865 374.165 218.835
mp 10 471.065 625.555 498.465 625.555 498.465 642.865 496.865 642.865 496.865 627.155 472.665 627.155 472.665 641.265 496.865 641.265 496.865 642.865 471.065 642.865
mr 474.465 627.555 475.465 640.865
mr 477.265 627.555 478.265 640.865
mr 480.065 627.555 481.065 640.865
mr 482.865 627.555 483.865 640.865
mr 485.665 627.555 486.665 640.865
mr 488.465 627.555 489.465 640.865
mr 491.265 627.555 492.265 640.865
mr 494.065 627.555 495.065 640.865
mp 10 500.405 115.005 527.805 115.005 527.805 132.315 526.205 132.315 526.205 116.605 502.005 116.605 502.005 130.715 526.205 130.715 526.205 132.315 500.405 132.315
mr 503.805 117.005 504.805 130.315
mr 506.605 117.005 507.605 130.315
mr 509.405 117.005 510.405 130.315
mr 512.205 117.005 513.205 130.315
mr 515.005 117.005 516.005 130.315
mr 517.805 117.005 518.805 130.315
mr 520.605 117.005 521.605 130.315
mr 523.405 117.005 524.405 130.315
mp 10 716.175 349.2 733.485 349.2 733.485 371 731.885 371 731.885 350.8 717.775 350.8 717.775 369.4 731.885 369.4 731.885 371 716.175 371
mr 718.175 352.6 731.485 353.6
mr 718.175 355.4 731.485 356.4
mr 718.175 358.2 731.485 359.2
mr 718.175 361 731.485 362
mr 718.175 363.8 731.485 364.8
mr 718.175 366.6 731.485 367.6
mr 720.865 402.85 721.585 404.95
mgc_rve_layer "NMIN_term"
mr 122.285 352.92 123.005 355.02
mr 315.195 538.915 317.295 539.885
mr 372.065 217.865 374.165 218.835
mr 720.865 402.85 721.585 404.95
mgc_rve_layer "NSRC_1"
mr 67.605 350.075 97.605 351.405
mr 67.605 359.125 97.605 360.845
mr 67.605 368.565 97.605 370.285
mr 67.605 378.005 97.605 379.725
mr 67.605 387.445 97.605 389.165
mr 67.605 396.885 97.605 398.605
mr 67.605 406.325 97.605 407.655
mr 315.635 655.765 316.965 685.765
mr 315.655 72.105 316.985 102.105
mr 324.685 655.765 326.405 685.765
mr 324.705 72.105 326.425 102.105
mr 334.125 655.765 335.845 685.765
mr 334.145 72.105 335.865 102.105
mr 343.565 655.765 345.285 685.765
mr 343.585 72.105 345.305 102.105
mr 353.005 655.765 354.725 685.765
mr 353.025 72.105 354.745 102.105
mr 362.445 655.765 364.165 685.765
mr 362.465 72.105 364.185 102.105
mr 371.885 655.765 373.215 685.765
mr 371.905 72.105 373.235 102.105
mr 470.635 655.765 471.965 685.765
mr 479.685 655.765 481.405 685.765
mr 489.125 655.765 490.845 685.765
mr 498.565 655.765 500.285 685.765
mr 508.005 655.765 509.725 685.765
mr 517.445 655.765 519.165 685.765
mr 526.885 655.765 528.215 685.765
mr 746.265 350.215 776.265 351.545
mr 746.265 359.265 776.265 360.985
mr 746.265 368.705 776.265 370.425
mr 746.265 378.145 776.265 379.865
mr 746.265 387.585 776.265 389.305
mr 746.265 397.025 776.265 398.745
mr 746.265 406.465 776.265 407.795
mgc_rve_layer "PSRC_1"
mr 112.385 363.87 125.695 364.87
mr 112.385 366.67 125.695 367.67
mr 112.385 369.47 125.695 370.47
mr 112.385 372.27 125.695 373.27
mr 112.385 375.07 125.695 376.07
mr 112.385 377.87 125.695 378.87
mr 112.385 380.67 125.695 381.67
mr 318.065 117.005 319.065 130.315
mr 320.865 117.005 321.865 130.315
mr 323.665 117.005 324.665 130.315
mr 324.425 536.755 364.425 541.395
mr 324.425 544.015 364.425 548.655
mr 324.425 551.275 364.425 555.915
mr 324.425 558.535 364.425 563.175
mr 324.425 565.795 364.425 570.435
mr 324.425 573.055 364.425 577.695
mr 324.445 180.175 364.445 184.815
mr 324.445 187.435 364.445 192.075
mr 324.445 194.695 364.445 199.335
mr 324.445 201.955 364.445 206.595
mr 324.445 209.215 364.445 213.855
mr 324.445 216.475 364.445 221.115
mr 326.465 117.005 327.465 130.315
mr 329.265 117.005 330.265 130.315
mr 332.065 117.005 333.065 130.315
mr 334.865 117.005 335.865 130.315
mr 337.665 117.005 338.665 130.315
mr 340.465 117.005 341.465 130.315
mr 347.405 627.555 348.405 640.865
mr 350.205 627.555 351.205 640.865
mr 353.005 627.555 354.005 640.865
mr 355.805 627.555 356.805 640.865
mr 358.605 627.555 359.605 640.865
mr 361.405 627.555 362.405 640.865
mr 364.205 627.555 365.205 640.865
mr 367.005 627.555 368.005 640.865
mr 369.805 627.555 370.805 640.865
mr 473.065 117.005 474.065 130.315
mr 475.865 117.005 476.865 130.315
mr 478.665 117.005 479.665 130.315
mr 481.465 117.005 482.465 130.315
mr 484.265 117.005 485.265 130.315
mr 487.065 117.005 488.065 130.315
mr 489.865 117.005 490.865 130.315
mr 492.665 117.005 493.665 130.315
mr 495.465 117.005 496.465 130.315
mr 502.405 627.555 503.405 640.865
mr 505.205 627.555 506.205 640.865
mr 508.005 627.555 509.005 640.865
mr 510.805 627.555 511.805 640.865
mr 513.605 627.555 514.605 640.865
mr 516.405 627.555 517.405 640.865
mr 519.205 627.555 520.205 640.865
mr 522.005 627.555 523.005 640.865
mr 524.805 627.555 525.805 640.865
mr 718.175 376.2 731.485 377.2
mr 718.175 379 731.485 380
mr 718.175 381.8 731.485 382.8
mr 718.175 384.6 731.485 385.6
mr 718.175 387.4 731.485 388.4
mr 718.175 390.2 731.485 391.2
mr 718.175 393 731.485 394
mgc_rve_layer "NTAP_VC"
mp 10 110.385 386.87 127.695 386.87 127.695 408.67 126.095 408.67 126.095 388.47 111.985 388.47 111.985 407.07 126.095 407.07 126.095 408.67 110.385 408.67
mr 112.385 390.27 125.695 391.27
mr 112.385 393.07 125.695 394.07
mr 112.385 395.87 125.695 396.87
mr 112.385 398.67 125.695 399.67
mr 112.385 401.47 125.695 402.47
mr 112.385 404.27 125.695 405.27
mr 122.285 352.92 123.005 355.02
mr 315.195 538.915 317.295 539.885
mp 10 316.065 625.555 343.465 625.555 343.465 642.865 341.865 642.865 341.865 627.155 317.665 627.155 317.665 641.265 341.865 641.265 341.865 642.865 316.065 642.865
mr 319.465 627.555 320.465 640.865
mr 322.265 627.555 323.265 640.865
mr 325.065 627.555 326.065 640.865
mr 327.865 627.555 328.865 640.865
mr 330.665 627.555 331.665 640.865
mr 333.465 627.555 334.465 640.865
mr 336.265 627.555 337.265 640.865
mr 339.065 627.555 340.065 640.865
mp 10 345.405 115.005 372.805 115.005 372.805 132.315 371.205 132.315 371.205 116.605 347.005 116.605 347.005 130.715 371.205 130.715 371.205 132.315 345.405 132.315
mr 348.805 117.005 349.805 130.315
mr 351.605 117.005 352.605 130.315
mr 354.405 117.005 355.405 130.315
mr 357.205 117.005 358.205 130.315
mr 360.005 117.005 361.005 130.315
mr 362.805 117.005 363.805 130.315
mr 365.605 117.005 366.605 130.315
mr 368.405 117.005 369.405 130.315
mr 372.065 217.865 374.165 218.835
mp 10 471.065 625.555 498.465 625.555 498.465 642.865 496.865 642.865 496.865 627.155 472.665 627.155 472.665 641.265 496.865 641.265 496.865 642.865 471.065 642.865
mr 474.465 627.555 475.465 640.865
mr 477.265 627.555 478.265 640.865
mr 480.065 627.555 481.065 640.865
mr 482.865 627.555 483.865 640.865
mr 485.665 627.555 486.665 640.865
mr 488.465 627.555 489.465 640.865
mr 491.265 627.555 492.265 640.865
mr 494.065 627.555 495.065 640.865
mp 10 500.405 115.005 527.805 115.005 527.805 132.315 526.205 132.315 526.205 116.605 502.005 116.605 502.005 130.715 526.205 130.715 526.205 132.315 500.405 132.315
mr 503.805 117.005 504.805 130.315
mr 506.605 117.005 507.605 130.315
mr 509.405 117.005 510.405 130.315
mr 512.205 117.005 513.205 130.315
mr 515.005 117.005 516.005 130.315
mr 517.805 117.005 518.805 130.315
mr 520.605 117.005 521.605 130.315
mr 523.405 117.005 524.405 130.315
mp 10 716.175 349.2 733.485 349.2 733.485 371 731.885 371 731.885 350.8 717.775 350.8 717.775 369.4 731.885 369.4 731.885 371 716.175 371
mr 718.175 352.6 731.485 353.6
mr 718.175 355.4 731.485 356.4
mr 718.175 358.2 731.485 359.2
mr 718.175 361 731.485 362
mr 718.175 363.8 731.485 364.8
mr 718.175 366.6 731.485 367.6
mr 720.865 402.85 721.585 404.95
mgc_rve_layer "PTAP_VC"
mp 14 62.955 348.525 100.265 348.525 100.265 409.345 99.465 409.345 99.465 349.345 63.765 349.345 63.765 354.105 63.755 354.105 63.755 403.765 63.765 403.765 63.765 408.525 99.465 408.525 99.465 409.345 62.955 409.345
mp 14 314.025 67.455 374.845 67.455 374.845 104.765 374.025 104.765 374.025 68.265 369.265 68.265 369.265 68.255 319.605 68.255 319.605 68.265 314.845 68.265 314.845 103.965 374.025 103.965 374.025 104.765 314.025 104.765
mp 14 314.025 653.105 374.845 653.105 374.845 690.415 369.265 690.415 369.265 689.605 374.025 689.605 374.025 653.905 314.845 653.905 314.845 689.605 319.605 689.605 319.605 689.615 369.265 689.615 369.265 690.415 314.025 690.415
mp 14 469.025 653.105 529.845 653.105 529.845 690.415 524.265 690.415 524.265 689.605 529.025 689.605 529.025 653.905 469.845 653.905 469.845 689.605 474.605 689.605 474.605 689.615 524.265 689.615 524.265 690.415 469.025 690.415
mp 14 743.605 348.525 780.915 348.525 780.915 409.345 780.105 409.345 780.105 403.765 780.115 403.765 780.115 354.105 780.105 354.105 780.105 349.345 744.405 349.345 744.405 408.525 780.105 408.525 780.105 409.345 743.605 409.345
mgc_rve_layer "PTAP"
mp 14 62.955 348.525 100.265 348.525 100.265 409.345 99.465 409.345 99.465 349.345 63.765 349.345 63.765 354.105 63.755 354.105 63.755 403.765 63.765 403.765 63.765 408.525 99.465 408.525 99.465 409.345 62.955 409.345
mp 14 314.025 67.455 374.845 67.455 374.845 104.765 374.025 104.765 374.025 68.265 369.265 68.265 369.265 68.255 319.605 68.255 319.605 68.265 314.845 68.265 314.845 103.965 374.025 103.965 374.025 104.765 314.025 104.765
mp 14 314.025 653.105 374.845 653.105 374.845 690.415 369.265 690.415 369.265 689.605 374.025 689.605 374.025 653.905 314.845 653.905 314.845 689.605 319.605 689.605 319.605 689.615 369.265 689.615 369.265 690.415 314.025 690.415
mp 14 469.025 653.105 529.845 653.105 529.845 690.415 524.265 690.415 524.265 689.605 529.025 689.605 529.025 653.905 469.845 653.905 469.845 689.605 474.605 689.605 474.605 689.615 524.265 689.615 524.265 690.415 469.025 690.415
mp 14 743.605 348.525 780.915 348.525 780.915 409.345 780.105 409.345 780.105 403.765 780.115 403.765 780.115 354.105 780.105 354.105 780.105 349.345 744.405 349.345 744.405 408.525 780.105 408.525 780.105 409.345 743.605 409.345
mgc_rve_layer "NSRCL"
mr 470.635 655.765 471.965 685.765
mr 479.685 655.765 481.405 685.765
mr 489.125 655.765 490.845 685.765
mr 498.565 655.765 500.285 685.765
mr 508.005 655.765 509.725 685.765
mr 517.445 655.765 519.165 685.765
mr 526.885 655.765 528.215 685.765
mgc_rve_layer "PSRCHA"
mr 112.385 363.87 125.695 364.87
mr 112.385 366.67 125.695 367.67
mr 112.385 369.47 125.695 370.47
mr 112.385 372.27 125.695 373.27
mr 112.385 375.07 125.695 376.07
mr 112.385 377.87 125.695 378.87
mr 112.385 380.67 125.695 381.67
mr 318.065 117.005 319.065 130.315
mr 320.865 117.005 321.865 130.315
mr 323.665 117.005 324.665 130.315
mr 324.425 536.755 364.425 541.395
mr 324.425 544.015 364.425 548.655
mr 324.425 551.275 364.425 555.915
mr 324.425 558.535 364.425 563.175
mr 324.425 565.795 364.425 570.435
mr 324.425 573.055 364.425 577.695
mr 324.445 180.175 364.445 184.815
mr 324.445 187.435 364.445 192.075
mr 324.445 194.695 364.445 199.335
mr 324.445 201.955 364.445 206.595
mr 324.445 209.215 364.445 213.855
mr 324.445 216.475 364.445 221.115
mr 326.465 117.005 327.465 130.315
mr 329.265 117.005 330.265 130.315
mr 332.065 117.005 333.065 130.315
mr 334.865 117.005 335.865 130.315
mr 337.665 117.005 338.665 130.315
mr 340.465 117.005 341.465 130.315
mr 347.405 627.555 348.405 640.865
mr 350.205 627.555 351.205 640.865
mr 353.005 627.555 354.005 640.865
mr 355.805 627.555 356.805 640.865
mr 358.605 627.555 359.605 640.865
mr 361.405 627.555 362.405 640.865
mr 364.205 627.555 365.205 640.865
mr 367.005 627.555 368.005 640.865
mr 369.805 627.555 370.805 640.865
mr 473.065 117.005 474.065 130.315
mr 475.865 117.005 476.865 130.315
mr 478.665 117.005 479.665 130.315
mr 481.465 117.005 482.465 130.315
mr 484.265 117.005 485.265 130.315
mr 487.065 117.005 488.065 130.315
mr 489.865 117.005 490.865 130.315
mr 492.665 117.005 493.665 130.315
mr 495.465 117.005 496.465 130.315
mr 502.405 627.555 503.405 640.865
mr 505.205 627.555 506.205 640.865
mr 508.005 627.555 509.005 640.865
mr 510.805 627.555 511.805 640.865
mr 513.605 627.555 514.605 640.865
mr 516.405 627.555 517.405 640.865
mr 519.205 627.555 520.205 640.865
mr 522.005 627.555 523.005 640.865
mr 524.805 627.555 525.805 640.865
mr 718.175 376.2 731.485 377.2
mr 718.175 379 731.485 380
mr 718.175 381.8 731.485 382.8
mr 718.175 384.6 731.485 385.6
mr 718.175 387.4 731.485 388.4
mr 718.175 390.2 731.485 391.2
mr 718.175 393 731.485 394
mgc_rve_layer "NSRCHA"
mr 67.605 350.075 97.605 351.405
mr 67.605 359.125 97.605 360.845
mr 67.605 368.565 97.605 370.285
mr 67.605 378.005 97.605 379.725
mr 67.605 387.445 97.605 389.165
mr 67.605 396.885 97.605 398.605
mr 67.605 406.325 97.605 407.655
mr 315.635 655.765 316.965 685.765
mr 315.655 72.105 316.985 102.105
mr 324.685 655.765 326.405 685.765
mr 324.705 72.105 326.425 102.105
mr 334.125 655.765 335.845 685.765
mr 334.145 72.105 335.865 102.105
mr 343.565 655.765 345.285 685.765
mr 343.585 72.105 345.305 102.105
mr 353.005 655.765 354.725 685.765
mr 353.025 72.105 354.745 102.105
mr 362.445 655.765 364.165 685.765
mr 362.465 72.105 364.185 102.105
mr 371.885 655.765 373.215 685.765
mr 371.905 72.105 373.235 102.105
mr 746.265 350.215 776.265 351.545
mr 746.265 359.265 776.265 360.985
mr 746.265 368.705 776.265 370.425
mr 746.265 378.145 776.265 379.865
mr 746.265 387.585 776.265 389.305
mr 746.265 397.025 776.265 398.745
mr 746.265 406.465 776.265 407.795
mgc_rve_layer "PSRCH"
mr 112.385 363.87 125.695 364.87
mr 112.385 366.67 125.695 367.67
mr 112.385 369.47 125.695 370.47
mr 112.385 372.27 125.695 373.27
mr 112.385 375.07 125.695 376.07
mr 112.385 377.87 125.695 378.87
mr 112.385 380.67 125.695 381.67
mr 318.065 117.005 319.065 130.315
mr 320.865 117.005 321.865 130.315
mr 323.665 117.005 324.665 130.315
mr 324.425 536.755 364.425 541.395
mr 324.425 544.015 364.425 548.655
mr 324.425 551.275 364.425 555.915
mr 324.425 558.535 364.425 563.175
mr 324.425 565.795 364.425 570.435
mr 324.425 573.055 364.425 577.695
mr 324.445 180.175 364.445 184.815
mr 324.445 187.435 364.445 192.075
mr 324.445 194.695 364.445 199.335
mr 324.445 201.955 364.445 206.595
mr 324.445 209.215 364.445 213.855
mr 324.445 216.475 364.445 221.115
mr 326.465 117.005 327.465 130.315
mr 329.265 117.005 330.265 130.315
mr 332.065 117.005 333.065 130.315
mr 334.865 117.005 335.865 130.315
mr 337.665 117.005 338.665 130.315
mr 340.465 117.005 341.465 130.315
mr 347.405 627.555 348.405 640.865
mr 350.205 627.555 351.205 640.865
mr 353.005 627.555 354.005 640.865
mr 355.805 627.555 356.805 640.865
mr 358.605 627.555 359.605 640.865
mr 361.405 627.555 362.405 640.865
mr 364.205 627.555 365.205 640.865
mr 367.005 627.555 368.005 640.865
mr 369.805 627.555 370.805 640.865
mr 473.065 117.005 474.065 130.315
mr 475.865 117.005 476.865 130.315
mr 478.665 117.005 479.665 130.315
mr 481.465 117.005 482.465 130.315
mr 484.265 117.005 485.265 130.315
mr 487.065 117.005 488.065 130.315
mr 489.865 117.005 490.865 130.315
mr 492.665 117.005 493.665 130.315
mr 495.465 117.005 496.465 130.315
mr 502.405 627.555 503.405 640.865
mr 505.205 627.555 506.205 640.865
mr 508.005 627.555 509.005 640.865
mr 510.805 627.555 511.805 640.865
mr 513.605 627.555 514.605 640.865
mr 516.405 627.555 517.405 640.865
mr 519.205 627.555 520.205 640.865
mr 522.005 627.555 523.005 640.865
mr 524.805 627.555 525.805 640.865
mr 718.175 376.2 731.485 377.2
mr 718.175 379 731.485 380
mr 718.175 381.8 731.485 382.8
mr 718.175 384.6 731.485 385.6
mr 718.175 387.4 731.485 388.4
mr 718.175 390.2 731.485 391.2
mr 718.175 393 731.485 394
mgc_rve_layer "NSRCH"
mr 67.605 350.075 97.605 351.405
mr 67.605 359.125 97.605 360.845
mr 67.605 368.565 97.605 370.285
mr 67.605 378.005 97.605 379.725
mr 67.605 387.445 97.605 389.165
mr 67.605 396.885 97.605 398.605
mr 67.605 406.325 97.605 407.655
mr 315.635 655.765 316.965 685.765
mr 315.655 72.105 316.985 102.105
mr 324.685 655.765 326.405 685.765
mr 324.705 72.105 326.425 102.105
mr 334.125 655.765 335.845 685.765
mr 334.145 72.105 335.865 102.105
mr 343.565 655.765 345.285 685.765
mr 343.585 72.105 345.305 102.105
mr 353.005 655.765 354.725 685.765
mr 353.025 72.105 354.745 102.105
mr 362.445 655.765 364.165 685.765
mr 362.465 72.105 364.185 102.105
mr 371.885 655.765 373.215 685.765
mr 371.905 72.105 373.235 102.105
mr 746.265 350.215 776.265 351.545
mr 746.265 359.265 776.265 360.985
mr 746.265 368.705 776.265 370.425
mr 746.265 378.145 776.265 379.865
mr 746.265 387.585 776.265 389.305
mr 746.265 397.025 776.265 398.745
mr 746.265 406.465 776.265 407.795
mgc_rve_layer "NWELL"
mr 109.955 386.27 128.125 409.27
mr 122.285 352.92 123.005 355.02
mr 315.195 538.915 317.295 539.885
mr 315.645 625.125 343.735 643.295
mr 345.135 114.575 373.225 132.745
mr 372.065 217.865 374.165 218.835
mr 470.645 625.125 498.735 643.295
mr 500.135 114.575 528.225 132.745
mr 715.745 348.6 733.915 371.6
mr 720.865 402.85 721.585 404.95
mgc_rve_layer "NWELL_conn"
mr 109.955 386.27 128.125 409.27
mr 122.285 352.92 123.005 355.02
mr 315.195 538.915 317.295 539.885
mr 315.645 625.125 343.735 643.295
mr 345.135 114.575 373.225 132.745
mr 372.065 217.865 374.165 218.835
mr 470.645 625.125 498.735 643.295
mr 500.135 114.575 528.225 132.745
mr 715.745 348.6 733.915 371.6
mr 720.865 402.85 721.585 404.95
mgc_rve_layer "OVERALL"
mr 62.36 347.82 100.92 410.025
mr 313.255 652.47 375.625 690.955
mr 313.3 66.81 375.54 105.405
mr 468.405 652.52 530.365 690.915
mr 742.95 347.845 781.51 410.05
mgc_rve_layer "PSUB"
mr 62.36 347.82 100.92 410.025
mr 313.255 652.47 375.625 690.955
mr 313.3 66.81 375.54 105.405
mr 468.405 652.52 530.365 690.915
mr 742.95 347.845 781.51 410.05
mgc_rve_layer "PSUB_CFD2"
mr 62.36 347.82 100.92 410.025
mr 313.255 652.47 375.625 690.955
mr 313.3 66.81 375.54 105.405
mr 468.405 652.52 530.365 690.915
mr 742.95 347.845 781.51 410.05
mgc_rve_layer "P_epi"
mr 62.36 347.82 100.92 410.025
mr 313.255 652.47 375.625 690.955
mr 313.3 66.81 375.54 105.405
mr 468.405 652.52 530.365 690.915
mr 742.95 347.845 781.51 410.05
mgc_rve_zoom -91.743 -176.676 935.613 844.066 1
